﻿연도,청년고용률,증감(전년대비)
2011,40.4,0
2012,40.3,-0.1
2013,39.5,-0.8
2014,40.5,1
2015,41.2,0.7
2016,41.7,0.5
2017,42.1,0.4
2018,42.7,0.6
2019,43.5,0.8
2020,42.2,-1.3
2021,44.2,2
2022,46.6,2.4
2023,46.5,-0.1
